start=3877.624000
sid=2
sub-scale=0.600000
