start=95.428667
volume=102.000000
fullscreen=yes
