start=2788.015000
volume=102.000000
fullscreen=yes
vid=1
